 6.95696392785571e+002    6.41056105610561e+001
 6.98476953907816e+002    7.16736340300697e+001
 7.00923847695391e+002    7.92416574990832e+001
 7.04149298597194e+002    8.65870920425376e+001
 7.08375751503006e+002    9.33760542720939e+001
 7.13380761523046e+002    9.97198386505317e+001
 7.19275551102204e+002    1.05507150715072e+002
 7.26060120240481e+002    1.09291162449578e+002
 7.33289579158317e+002    1.09736340300697e+002
 7.40630260521042e+002    1.06508800880088e+002
 7.47970941883768e+002    1.03503850385039e+002
 7.55422845691383e+002    1.02613494682802e+002
 7.62874749498998e+002    1.04728089475614e+002
 7.70549098196393e+002    1.04171617161716e+002
 7.78223446893788e+002    1.03615144847818e+002
 7.85675350701403e+002    1.05729739640631e+002
 7.92237474949900e+002    1.09625045837917e+002
 7.97353707414830e+002    1.15412357902457e+002
 8.01691382765531e+002    1.21756142280895e+002
 8.08809619238477e+002    1.24427209387605e+002
 8.16372745490982e+002    1.26653098643198e+002
 8.22156312625251e+002    1.31883938393839e+002
 8.27828657314629e+002    1.37559955995600e+002
 8.34279559118237e+002    1.42123028969564e+002
 8.41175350701403e+002    1.46129629629630e+002
 8.46958917835671e+002    1.51137880454712e+002
 8.50962925851703e+002    1.57592959295930e+002
 8.53854709418838e+002    1.64938393839384e+002
 8.56301603206413e+002    1.72617711771177e+002
 8.58414829659319e+002    1.80408324165750e+002
 8.60528056112224e+002    1.88198936560323e+002
 8.64309619238477e+002    1.94765309864320e+002
 8.70649298597194e+002    1.98994499449945e+002
 8.78212424849699e+002    2.01665566556656e+002
 8.85886773547094e+002    2.04336633663366e+002
 8.92448897795591e+002    2.08343234323432e+002
 8.97009018036072e+002    2.14687018701870e+002
 9.01124248496994e+002    2.21809864319765e+002
 9.05350701402806e+002    2.28821415474881e+002
 9.10244488977956e+002    2.35165199853319e+002
 9.16472945891784e+002    2.38949211587825e+002
 9.23924849699399e+002    2.39839567290062e+002
 9.32044088176353e+002    2.39839567290062e+002
 9.40496993987976e+002    2.40952511917858e+002
 9.47615230460922e+002    2.44180051338467e+002
 9.51508016032064e+002    2.49633480014668e+002
 9.51396793587174e+002    2.56978914558122e+002
 9.50062124248497e+002    2.65214704803814e+002
 9.47281563126252e+002    2.72671433810048e+002
 9.41942885771543e+002    2.78013568023469e+002
 9.34490981963928e+002    2.80128162816282e+002
 9.27706412825651e+002    2.83133113311331e+002
 9.23257515030060e+002    2.88697836450312e+002
 9.20254509018036e+002    2.96043270993766e+002
 9.18141282565130e+002    3.03722588925559e+002
 9.16472945891784e+002    3.11624495782912e+002
 9.14582164328657e+002    3.19526402640264e+002
 9.12135270541082e+002    3.27984781811514e+002
 9.11245490981964e+002    3.26760542720939e+002
 9.04905811623247e+002    3.24423359002567e+002
 8.98010020040080e+002    3.28763843050972e+002
 8.90446893787575e+002    3.30099376604327e+002
 8.83106212424850e+002    3.29988082141548e+002
 8.75987975951904e+002    3.32436560322699e+002
 8.69759519038076e+002    3.37110927759443e+002
 8.67757515030060e+002    3.40449761642831e+002
 8.65088176352705e+002    3.43677301063440e+002
 8.59860721442886e+002    3.41785295196186e+002
 8.52520040080160e+002    3.45012834616795e+002
 8.48738476953908e+002    3.52135680234690e+002
 8.48182364729459e+002    3.53805097176384e+002
 8.41620240480962e+002    3.55919691969197e+002
 8.40174348697395e+002    3.54027686101944e+002
 8.44734468937876e+002    3.47350018335167e+002
 8.40730460921844e+002    3.46014484781812e+002
 8.36837675350701e+002    3.46682251558489e+002
 8.30497995991984e+002    3.41451411807847e+002
 8.22934869739479e+002    3.39670700403374e+002
 8.15927855711423e+002    3.41896589658966e+002
 8.10589178356713e+002    3.47461312797947e+002
 8.06473947895792e+002    3.54472863953062e+002
 8.01913827655311e+002    3.61150531719839e+002
 7.95907815631262e+002    3.66158782544921e+002
 7.89123246492986e+002    3.70165383204987e+002
 7.88678356713427e+002    3.70833149981665e+002
 7.83006012024048e+002    3.75173634030070e+002
 7.86787575150301e+002    3.78623762376238e+002
 7.94461923847695e+002    3.81406123945728e+002
 8.00579158316633e+002    3.86303080308031e+002
 8.03359719438878e+002    3.92980748074807e+002
 8.02247494989980e+002    4.00660066006601e+002
 8.03137274549098e+002    4.05890905757242e+002
 7.99022044088176e+002    4.08116795012835e+002
 7.95907815631262e+002    4.09229739640631e+002
 7.92126252505010e+002    4.01995599559956e+002
 7.85452905811623e+002    3.99435826916025e+002
 7.77333667334669e+002    3.99324532453245e+002
 7.68991983967936e+002    3.98879354602127e+002
 7.65099198396794e+002    3.97988998899890e+002
 7.62207414829659e+002    3.95874404107077e+002
 7.57202404809619e+002    3.99547121378805e+002
 7.49194388777555e+002    3.98768060139347e+002
 7.50195390781563e+002    4.03553722038871e+002
 7.43855711422846e+002    4.08228089475614e+002
 7.37404809619238e+002    4.12123395672901e+002
 7.31287575150301e+002    4.16797763109644e+002
 7.24725450901804e+002    4.21249541620829e+002
 7.17718436873747e+002    4.24477081041437e+002
 7.10266533066132e+002    4.27370737073707e+002
 7.02814629258517e+002    4.30153098643198e+002
 6.95251503006012e+002    4.32490282361570e+002
 6.88689378757515e+002    4.34716171617162e+002
 6.87243486973948e+002    4.33269343601027e+002
 6.84685370741483e+002    4.27704620462046e+002
 6.90580160320641e+002    4.22362486248625e+002
 6.93583166332665e+002    4.15128346167950e+002
 6.97142284569138e+002    4.08561972863953e+002
 7.02258517034068e+002    4.03219838650532e+002
 7.03926853707415e+002    3.96096993032637e+002
 7.00923847695391e+002    3.88195086175284e+002
 7.00923847695391e+002    3.89641914191419e+002
 6.92915831663327e+002    3.89753208654199e+002
 6.86353707414830e+002    3.85301430143014e+002
 6.79457915831663e+002    3.82185185185185e+002
 6.73674348697395e+002    3.77288228822882e+002
 6.68446893787575e+002    3.71389622295563e+002
 6.65666332665331e+002    3.67049138247158e+002
 6.63886773547094e+002    3.64823248991566e+002
 6.57991983967936e+002    3.64711954528786e+002
 6.50984969939880e+002    3.68718555188852e+002
 6.46980961923848e+002    3.71946094609461e+002
 6.45646292585170e+002    3.74617161716172e+002
 6.43977955911824e+002    3.79402823615695e+002
 6.43199398797595e+002    3.87416024935827e+002
 6.38416833667335e+002    3.93759809314265e+002
 6.33523046092184e+002    4.00103593692703e+002
 6.28184368737475e+002    4.05890905757242e+002
 6.22178356713427e+002    4.11121745507884e+002
 6.16506012024048e+002    4.16686468646865e+002
 6.10055110220441e+002    4.21249541620829e+002
 6.02714428857715e+002    4.24143197653099e+002
 5.96930861723447e+002    4.28372387238724e+002
 5.95262525050100e+002    4.36274294096076e+002
 5.97264529058116e+002    4.36719471947195e+002
 6.03048096192385e+002    4.42172900623396e+002
 6.09498997995992e+002    4.46847268060139e+002
 6.17284569138277e+002    4.48516685001834e+002
 6.20954909819639e+002    4.55639530619729e+002
 6.21622244488978e+002    4.57754125412541e+002
 6.26849699398798e+002    4.63764026402640e+002
 6.21622244488978e+002    4.69773927392739e+002
 6.16394789579158e+002    4.75895122845618e+002
 6.09276553106212e+002    4.79679134580125e+002
 6.06718436873747e+002    4.79233956729006e+002
 5.98710420841683e+002    4.79567840117345e+002
 5.96930861723447e+002    4.75338650531720e+002
 5.94483967935872e+002    4.72778877887789e+002
 5.88922845691383e+002    4.76117711771177e+002
 5.81470941883768e+002    4.79011367803447e+002
 5.75687374749499e+002    4.73446644664466e+002
 5.75464929859719e+002    4.71777227722772e+002
 5.68346693386774e+002    4.68215804913825e+002
 5.67790581162325e+002    4.74559589292263e+002
 5.67123246492986e+002    4.76117711771177e+002
 5.65010020040080e+002    4.84130913091309e+002
 5.56557114228457e+002    4.83908324165750e+002
 5.48993987975952e+002    4.85132563256326e+002
 5.44878757515030e+002    4.90697286395306e+002
 5.42654308617235e+002    4.97041070773744e+002
 5.41319639278557e+002    4.98154015401540e+002
 5.34646292585170e+002    4.96150715071507e+002
 5.26749498997996e+002    4.95705537220389e+002
 5.19631262525050e+002    4.99378254492116e+002
 5.12401803607214e+002    5.02383204987165e+002
 5.04838677354709e+002    5.04163916391639e+002
 4.97053106212425e+002    5.05833333333333e+002
 4.90268537074148e+002    5.09394756142281e+002
 4.89601202404810e+002    5.08615694902824e+002
 4.84707414829659e+002    5.03607444077741e+002
 4.82816633266533e+002    5.11398056472314e+002
 4.83150300601202e+002    5.12844884488449e+002
 4.77255511022044e+002    5.18409607627429e+002
 4.71916833667335e+002    5.24530803080308e+002
 4.69136272545090e+002    5.31431059772644e+002
 4.69247494989980e+002    5.34881188118812e+002
 4.71471943887776e+002    5.38999083241658e+002
 4.69469939879760e+002    5.42894389438944e+002
 4.63019038076152e+002    5.47680051338467e+002
 4.55011022044088e+002    5.48570407040704e+002
 4.47336673346693e+002    5.48347818115145e+002
 4.40440881763527e+002    5.51130179684635e+002
 4.32544088176353e+002    5.51130179684635e+002
 4.34101202404810e+002    5.39889438943894e+002
 4.31987975951904e+002    5.32098826549322e+002
 4.32099198396794e+002    5.27980931426476e+002
 4.31654308617234e+002    5.24085625229190e+002
 4.27316633266533e+002    5.21637147048038e+002
 4.19419839679359e+002    5.22638797213055e+002
 4.16194388777555e+002    5.22972680601393e+002
 4.11523046092184e+002    5.21637147048038e+002
 4.06073146292585e+002    5.17185368536854e+002
 4.05072144288577e+002    5.16962779611295e+002
 3.98621242484970e+002    5.13290062339567e+002
 3.90946893787575e+002    5.14403006967363e+002
 3.84940881763527e+002    5.19077374404107e+002
 3.81826653306613e+002    5.26088925559223e+002
 3.81826653306613e+002    5.34102126879355e+002
 3.74374749498998e+002    5.31876237623762e+002
 3.76376753507014e+002    5.39778144481115e+002
 3.73929859719439e+002    5.46900990099010e+002
 3.68035070140281e+002    5.51464063072974e+002
 3.60471943887776e+002    5.53467363403007e+002
 3.52575150300601e+002    5.54357719105244e+002
 3.45123246492986e+002    5.56694902823616e+002
 3.42009018036072e+002    5.58364319765310e+002
 3.37782565130260e+002    5.59699853318665e+002
 3.35002004008016e+002    5.54469013568023e+002
 3.32332665330661e+002    5.46900990099010e+002
 3.39562124248497e+002    5.43339567290062e+002
 3.44789579158317e+002    5.37329666299963e+002
 3.51351703406814e+002    5.34102126879355e+002
 3.49794589178357e+002    5.30985881921525e+002
 3.46235470941884e+002    5.27980931426476e+002
 3.38449899799599e+002    5.26311514484782e+002
 3.30664328657315e+002    5.25643747708104e+002
 3.24880761523046e+002    5.20746791345801e+002
 3.18096192384769e+002    5.16740190685735e+002
 3.10644288577154e+002    5.13512651265126e+002
 3.03081162324649e+002    5.11286762009534e+002
 2.95629258517034e+002    5.10396406307297e+002
 2.89289579158317e+002    5.05944627796113e+002
 2.83728456913828e+002    5.00268610194353e+002
 2.77833667334669e+002    4.95705537220389e+002
 2.70715430861723e+002    4.93813531353135e+002
 2.62818637274549e+002    4.92923175650898e+002
 2.54476953907816e+002    4.92255408874221e+002
 2.46357715430862e+002    4.91365053171984e+002
 2.40018036072144e+002    4.88360102676934e+002
 2.35680360721443e+002    4.82350201686835e+002
 2.31787575150301e+002    4.75338650531720e+002
 2.26671342685371e+002    4.70219105243858e+002
 2.18774549098196e+002    4.70441694169417e+002
 2.10988977955912e+002    4.70219105243858e+002
 2.06206412825651e+002    4.63875320865420e+002
 1.95862725450902e+002    4.63541437477081e+002
 1.92526052104208e+002    4.56307297396406e+002
 1.88966933867735e+002    4.49073157315732e+002
 1.81070140280561e+002    4.47737623762376e+002
 1.72950901803607e+002    4.46179501283462e+002
 1.66611222444890e+002    4.42729372937294e+002
 1.63719438877756e+002    4.35717821782178e+002
 1.58603206412826e+002    4.30153098643198e+002
 1.51596192384770e+002    4.30041804180418e+002
 1.44144288577154e+002    4.32712871287129e+002
 1.36581162324649e+002    4.34159699303264e+002
 1.29574148296593e+002    4.32267693436010e+002
 1.22678356713427e+002    4.29151448478181e+002
 1.15115230460922e+002    4.28038503850385e+002
 1.07107214428858e+002    4.27259442610928e+002
 1.02769539078156e+002    4.25701320132013e+002
 9.94328657314629e+001    4.24810964429776e+002
 9.53176352705411e+001    4.22585075174184e+002
 9.17585170340681e+001    4.15350935093509e+002
 8.53076152304609e+001    4.10565273193986e+002
 8.13036072144289e+001    4.03665016501650e+002
 7.65210420841683e+001    3.97321232123212e+002
 7.30731462925852e+001    3.90420975430876e+002
 7.24058116232465e+001    3.82407774110744e+002
 6.59549098196393e+001    3.87416024935827e+002
 6.08386773547094e+001    3.93648514851485e+002
 5.53887775551102e+001    3.99547121378805e+002
 5.24969939879760e+001    4.07003850385039e+002
 5.23857715430862e+001    4.07894206087275e+002
 4.48226452905812e+001    4.05223138980565e+002
 4.17084168336673e+001    3.97766409974331e+002
 4.62685370741483e+001    3.91088742207554e+002
 5.23857715430862e+001    3.85857902456912e+002
 5.46102204408818e+001    3.78512467913458e+002
 5.55000000000000e+001    3.70944444444444e+002
 5.89478957915832e+001    3.64155482214888e+002
 6.43977955911824e+001    3.58702053538687e+002
 7.10711422845691e+001    3.54250275027503e+002
 7.80781563126252e+001    3.50243674367437e+002
 8.48627254509018e+001    3.46014484781812e+002
 9.06462925851703e+001    3.41451411807847e+002
 9.25370741482966e+001    3.34773744041071e+002
 9.70971943887776e+001    3.29097726439311e+002
 9.77645290581162e+001    3.22086175284195e+002
 9.50951903807615e+001    3.14740740740741e+002
 9.15360721442886e+001    3.07284011734507e+002
 8.87555110220441e+001    3.00049871653832e+002
 8.24158316633267e+001    2.95709387605427e+002
 8.21933867735471e+001    2.91702786945361e+002
 8.65310621242485e+001    2.85025119178585e+002
 9.30931863727455e+001    2.80462046204620e+002
 9.86543086172345e+001    2.74786028602860e+002
 1.01101202404810e+002    2.67329299596626e+002
 1.02880761523046e+002    2.59761276127613e+002
 1.05550100200401e+002    2.52861019435277e+002
 1.09665330661323e+002    2.46294646131280e+002
 1.12668336673347e+002    2.38949211587825e+002
 1.15560120240481e+002    2.32048954895490e+002
 1.20898797595190e+002    2.26372937293729e+002
 1.26682364729459e+002    2.20919508617528e+002
 1.31464929859719e+002    2.14464429776311e+002
 1.37137274549098e+002    2.09790062339567e+002
 1.44922845691383e+002    2.09122295562890e+002
 1.52819639278557e+002    2.08120645397873e+002
 1.59715430861723e+002    2.04893105977264e+002
 1.64942885771543e+002    1.99328382838284e+002
 1.69503006012024e+002    1.92650715071507e+002
 1.74285571142285e+002    1.85973047304730e+002
 1.79290581162325e+002    1.79851851851852e+002
 1.83961923847695e+002    1.73841950861753e+002
 1.88522044088176e+002    1.67720755408874e+002
 1.94305611222445e+002    1.63714154748808e+002
 2.01757515030060e+002    1.61599559955996e+002
 2.08097194388778e+002    1.57036486982032e+002
 2.12657314629259e+002    1.50470113678034e+002
 2.15771543086172e+002    1.42568206820682e+002
 2.19219438877756e+002    1.35667950128346e+002
 2.24669338677355e+002    1.32440410707737e+002
 2.32232464929860e+002    1.32329116244958e+002
 2.39573146292585e+002    1.31216171617162e+002
 2.45356713426854e+002    1.26764393105977e+002
 2.50695390781563e+002    1.21199669966997e+002
 2.56590180360721e+002    1.16636596993033e+002
 2.62818637274549e+002    1.12518701870187e+002
 2.67267535070140e+002    1.06174917491749e+002
 2.71605210420842e+002    9.94972497249725e+001
 2.76832665330661e+002    9.34873487348735e+001
 2.82949899799599e+002    8.84790979097910e+001
 2.89734468937876e+002    8.42499083241657e+001
 2.96519038076152e+002    7.97981298129813e+001
 3.00856713426854e+002    7.42334066740007e+001
 3.00745490981964e+002    6.68879721305464e+001
 3.03970941883768e+002    6.05441877521085e+001
 3.10644288577154e+002    5.75392372570590e+001
 3.18874749498998e+002    5.64262926292629e+001
 3.27327655310621e+002    5.58698203153649e+001
 3.34779559118236e+002    5.37552255225523e+001
 3.39784569138277e+002    4.75227356068940e+001
 3.41564128256513e+002    4.76340300696736e+001
 3.47792585170341e+002    5.27535753575358e+001
 3.54465931863727e+002    5.73166483314998e+001
 3.57357715430862e+002    6.15458379171250e+001
 3.57024048096192e+002    6.48846718005134e+001
 3.59248496993988e+002    6.72218555188852e+001
 3.65365731462926e+002    6.21023102310231e+001
 3.73151302605210e+002    5.99877154382105e+001
 3.81048096192385e+002    6.09893656032270e+001
 3.84162324649299e+002    5.90973597359736e+001
 3.86942885771543e+002    5.56472313898056e+001
 3.91503006012024e+002    5.57585258525853e+001
 3.93616232464930e+002    6.35491382471580e+001
 3.94839679358717e+002    7.13397506417308e+001
 3.97842685370741e+002    7.82400073340667e+001
 4.02958917835671e+002    8.41386138613861e+001
 4.07296593186373e+002    9.07049871653832e+001
 4.13525050100200e+002    9.37099376604327e+001
 4.21199398797595e+002    9.28195819581958e+001
 4.25981963927856e+002    9.09275760909424e+001
 4.29096192384770e+002    9.38212321232123e+001
 4.26426853707415e+002    9.89407774110745e+001
 4.28651302605210e+002    1.06620095342868e+002
 4.29541082164329e+002    1.14522002200220e+002
 4.29318637274549e+002    1.22646497983132e+002
 4.29652304609218e+002    1.30882288228823e+002
 4.32544088176353e+002    1.37559955995600e+002
 4.38438877755511e+002    1.40787495416208e+002
 4.46335671342685e+002    1.40008434176751e+002
 4.53565130260521e+002    1.36001833516685e+002
 4.57235470941884e+002    1.28878987898790e+002
 4.57457915831663e+002    1.28322515584892e+002
 4.65243486973948e+002    1.29991932526586e+002
 4.70470941883768e+002    1.36001833516685e+002
 4.77700400801603e+002    1.36001833516685e+002
 4.85374749498998e+002    1.32885588558856e+002
 4.92604208416834e+002    1.28656398973231e+002
 4.99611222444890e+002    1.24427209387605e+002
 5.06729458917836e+002    1.20754492115878e+002
 5.13847695390782e+002    1.17081774844151e+002
 5.20965931863727e+002    1.13631646497983e+002
 5.28306613226453e+002    1.11628346167950e+002
 5.35980961923848e+002    1.11962229556289e+002
 5.43432865731463e+002    1.11739640630730e+002
 5.50439879759519e+002    1.08734690135680e+002
 5.56668336673347e+002    1.04060322698937e+002
 5.62563126252505e+002    9.84955995599560e+001
 5.68680360721443e+002    9.30421708837550e+001
 5.75353707414830e+002    8.88129812981298e+001
 5.82805611222445e+002    8.65870920425376e+001
 5.90591182364730e+002    8.56967363403007e+001
 5.98599198396794e+002    8.52515584891822e+001
 6.06829659318637e+002    8.48063806380638e+001
 6.14615230460922e+002    8.51402640264026e+001
 6.21622244488978e+002    8.75887422075541e+001
 6.27850701402806e+002    9.24856985698570e+001
 6.34412825651303e+002    9.66035936927026e+001
 6.41308617234469e+002    9.77165383204987e+001
 6.48538076152305e+002    9.48228822882288e+001
 6.54877755511022e+002    9.42664099743308e+001
 6.56546092184369e+002    9.37099376604327e+001
 6.59104208416834e+002    8.74774477447745e+001
 6.66333667334669e+002    8.42499083241657e+001
 6.73563126252505e+002    8.15788412174551e+001
 6.81237474949900e+002    8.03546021268793e+001
 6.89245490981964e+002    8.03546021268793e+001
 6.90691382765531e+002    7.92416574990832e+001
 6.92470941883768e+002    7.14510451045105e+001
